Temperature;PM2.5;PM10
19.8;11;176.6
19.8;11.4;184
19.8;12.1;196
19.7;12.1;195.2
19.7;11.8;191.4
19.7;12.1;195.3
19.6;12.1;196
19.6;12.6;205.4
19.6;13.4;216.3
19.5;14.2;233.5
19.5;15.8;256.7
19.5;16.4;270.5
19.5;16.9;280.6
19.4;17.5;294.6
19.4;18.2;309.7
19.3;18.3;311.9
19.3;18.2;308.5
19.3;18.3;307.4
19.2;18.4;309.1
19.2;18.4;308.7
19.1;18.3;306.8
19.1;18.3;301.5
19;18;297.4
19;17.5;288.6
18.9;17.1;280.4
18.9;16.8;276.8
18.9;16.4;267.8
18.8;15.9;256.8
18.8;15.6;248.4
18.8;14.8;235.4
18.7;14.3;224.5
18.6;14.2;215.5
18.6;13.4;201.3
18.6;13.3;199.8
18.6;13.5;204
18.5;13;193
18.5;12.5;179.3
18.4;11.8;166.9
18.4;10.9;156
18.4;10;136.3
18.3;8.3;110.5
18.3;7.6;96.4
18.3;7.1;84.3
18.3;7.3;70.5
18.3;6.6;55.7
18.3;6.5;50.5
18.3;6.4;49.4
18.3;6.1;41.3
18.3;5.9;39.8
18.3;5.8;38.8
18.3;5.9;39.9
18.3;5.7;40.7
18.3;5.6;40.1
18.3;5.7;42.6
18.3;6.1;50.5
18.3;6.1;51.1
18.3;6.3;53.1
18.3;6.3;54.5
18.3;6.3;56.1
18.3;6.3;57.2
18.3;6.6;60.7
18.3;6.6;71.8
18.3;7;79.3
18.3;7.2;85.2
18.3;6.9;78
18.3;7.1;81.2
18.4;7.3;87.8
18.4;7.4;90.6
18.4;7.7;93.9
18.4;7.9;95.3
18.4;8.1;97.6
18.4;8.2;101.7
18.5;8.6;115.4
18.5;9;134.4
18.5;9.5;145.4
18.5;9.7;144.5
18.6;9.7;144.5
18.6;9.7;145.9
18.6;9.7;146.4
18.6;9.6;145.6
18.6;9.7;146.5
18.7;9.6;145.4
18.7;9.7;145.4
18.7;9.8;146.4
18.7;9.6;143.3
18.7;9.4;138.2
18.8;9.4;138.2
18.8;9.4;138.2
18.8;9.4;138.2
18.8;9.7;145.3
18.9;9.9;147.5
18.9;9.9;148.9
18.9;9.9;143.7
18.9;9.6;138.1
18.9;9.3;131.6
19;9.2;130
18.9;9;127.2
19;8.7;120.6
19;8.5;116.8
19;8.2;113.4
19;8;112
19;7.8;110.3
19.1;7.9;109.5
19.1;7.7;101
19.1;6.4;82.6
19.1;5.9;69.8
19.1;5.5;66.8
19.1;5.5;65.2
19.1;5.5;66
19.1;5.4;65.5
19.2;5.4;64.3
19.2;5.3;64.1
19.2;5.3;64.1
19.2;5.4;64.3
19.3;5.4;65.9
19.3;5.3;64.7
19.3;5;60.8
19.3;4.9;58
19.3;4.9;55.6
19.4;4.7;52.5
19.4;4.7;53.6
19.4;4.4;48.7
19.4;4.2;43.9
19.4;4.1;42.2
19.5;4.1;42.6
19.5;4.1;43.2
19.5;4.2;43.3
19.5;4.3;42.8
19.5;4.3;42.8
19.5;4.2;42.9
19.6;4.2;41.8
19.6;4.3;41.1
19.6;4.2;40.7
19.6;4.1;40.7
19.6;4.4;47.4
19.6;4.6;50.5
19.7;4.7;53.1
19.7;4.7;53.5
19.6;4.6;52.4
19.6;4.7;53.4
19.7;4.8;57.3
19.6;5;60.1
19.7;5.5;70.3
19.7;5.9;76
19.7;6.4;87.3
19.7;7;93.4
19.7;7.2;95.9
19.7;7.2;96.5
19.7;7.1;96.7
19.7;7.3;98.6
19.7;7.2;97.1
19.7;7.3;99.9
19.7;7.3;98.8
19.8;7.3;98.9
19.8;7.3;100.3
19.8;7.4;100.4
19.8;7.4;100.7
19.8;7.3;100.4
19.8;7.3;102.1
19.8;7.5;106.1
19.8;7.6;109.7
19.9;7.6;109.2
19.9;7.4;105
19.9;7.4;103.6
19.9;7.3;97.9
19.9;7;94.4
19.9;6.9;92.6
19.9;7;93.8
19.9;7.2;97.2
19.9;7.3;97.8
20;7.2;97.6
20;7.2;95.2
20;6.7;86.9
20;6.4;81.5
20;5.8;72.3
20;5.3;67.7
20.1;5.1;66.5
20.1;5.2;68.5
20.1;5.2;69.7
20.1;5.1;67.6
20.1;5.2;67.2
20.1;5;63.6
20.1;5.2;64.9
20.1;5.2;64.8
20.1;5.3;63.8
20.1;5.1;63.1
20.1;5.1;63
20.2;5;63
20.2;5;61.3
20.2;4.9;60.9
20.2;4.8;57.2
20.2;4.8;55.6
20.2;4.8;55.3
20.2;4.6;51.6
20.3;4.5;51.2
20.3;4.4;50.7
20.3;4.4;49.6
20.3;4.3;48.7
20.4;4.2;47.4
20.4;4.1;46.5
20.4;4.1;45.4
20.4;4.1;44.9
20.4;3.9;43.7
20.4;3.9;42.5
20.4;3.9;40
20.5;3.7;37.1
20.5;3.7;35
20.5;3.7;35
20.5;3.7;32.3
20.6;3.6;29.9
20.6;3.7;30.7
20.6;3.6;33.2
20.6;3.7;33.3
20.6;3.5;32
20.6;3.5;32
20.6;3.5;31.6
20.6;3.6;34.1
20.6;3.7;36.4
20.6;3.8;36.6
20.6;3.8;36.4
20.6;3.8;33.3
20.6;3.8;36.4
20.5;4;43.7
20.5;4;45
20.5;4;44.8
20.5;4;43.7
20.5;4;44.9
20.5;4.1;46.5
20.5;4.1;47.9
20.5;4.1;46.4
20.5;4;46.2
20.5;3.9;44.2
20.5;4;44.1
20.5;3.9;42.3
20.6;3.9;42.1
20.5;4.2;43.6
20.5;4.2;44.5
20.5;4.2;43.4
20.5;4.2;43
20.5;4.1;42.8
20.5;4.1;41.9
20.5;4;37.9
20.5;4;38.7
20.5;4;40.5
20.4;4;40.9
20.4;3.9;40.4
20.4;3.9;38.3
20.4;3.8;35.3
20.4;3.7;35.4
20.4;3.7;35.9
20.4;3.8;36.8
20.4;3.7;33.7
20.4;3.5;26.5
20.4;3.5;25.2
20.4;3.6;28
20.4;3.6;28.2
20.4;3.6;27.1
20.4;3.5;25.1
20.4;3.5;24.5
20.4;3.6;27.5
20.4;3.8;27.5
20.4;3.8;27.5
20.4;3.8;27.9
20.4;3.9;29.2
20.5;3.9;31.4
20.5;3.6;29.4
20.5;3.7;29.4
20.4;3.8;29.6
20.5;3.8;30.6
20.5;3.8;32.1
20.5;3.8;32.3
20.5;3.9;33.6
20.5;4;37.1
20.6;4.2;38.9
20.6;4.2;41.9
20.6;4.3;43.1
20.6;4.3;42.6
20.6;4.3;43.3
20.6;4.3;45.2
20.6;4.4;47.5
20.6;4.4;51.4
20.6;4.4;53.2
20.6;4.4;53.5
20.6;4.4;53.9
20.7;4.4;51.8
20.7;4.4;51.6
20.7;4.4;51.5
20.7;4.5;54.3
20.7;4.6;53.4
20.7;4.5;51.8
20.7;4.4;51.8
20.7;4.3;52.1
20.7;4.4;53.2
20.7;4.5;56.1
20.7;4.5;54.4
20.7;4.6;56.6
20.7;4.6;56.1
20.7;4.5;57.2
20.7;4.6;57.6
20.6;4.6;58
20.6;4.5;57.7
20.5;4.4;56.5
20.4;4.2;52.4
20.5;4.1;48.7
20.5;4;46.2
20.5;3.9;44.9
20.5;4;46.7
20.5;4.1;46
20.5;4.2;46.7
20.4;4.5;52.5
20.5;4.7;49.9
20.4;4.7;48.2
20.4;4.7;49.3
20.4;4.8;52.7
20.4;4.8;52.1
20.4;4.8;51.3
20.4;4.8;55.3
20.4;4.7;53.1
20.3;4.6;52.5
20.2;4.6;51.4
20.1;4.6;52.8
20.1;4.6;52
20.1;4.6;50.7
20.1;4.7;52.3
20.1;4.8;54.9
20;5;56.1
20.1;11.5;65.3
19.8;11.8;68.4
19.7;11.8;68
19.8;11.7;66.5
19.7;11.8;66.6
19.6;11.9;66.6
19.6;11.9;66.4
19.4;12.5;66.9
19.5;12.5;66
19.5;12.5;66.5
19.3;12.4;65.1
19.3;12.4;65.1
19.2;12.5;65.1
19.1;12.4;63.7
19.1;12;55.6
18.9;11.8;53.5
18.9;11.9;53.5
18.8;11.8;52.8
18.9;11.8;48.7
18.6;11.8;48.8
18.5;11.9;48.8
18.5;11.8;44.7
18.5;11.8;44.2
18.3;11.9;44.2
18.2;11.9;42.7
18.2;12;41.4
18.1;12.3;41.7
17.9;12.5;44.2
17.9;12.2;38.4
17.8;12;35.6
17.9;11.8;31.5
17.9;5.2;21.9
17.8;4.9;17.4
17.8;4.8;16.7
17.7;4.8;16.2
17.6;4.6;16.2
17.5;4.9;16.3
17.5;4.9;16.3
17.4;4.3;15.6
17.3;4.3;15.6
17.4;4.2;15.2
17.4;4.2;14.7
17.4;4.1;15.1
17.3;4.1;14.1
17.2;4;13.6
17.1;4.1;13
17.1;4.2;13.4
17.1;4.2;12.7
17.2;4.1;13
17.1;10.9;31.7
16.8;10.8;31.8
16.8;10.9;31.8
16.7;12.2;33
16.7;12.1;32.9
16.7;12;33.8
16.7;12.1;34.8
16.5;16.8;54.8
16.4;16.7;54.4
16.2;16.8;56.1
16.2;16.9;56.6
16.2;16.9;56.5
16.2;16.9;56.5
16.1;16.9;56.6
16.1;16.9;56.5
15.9;22.6;73
15.8;22.6;72.8
15.8;22.3;72.8
15.7;22.4;73.1
15.7;22.9;73.6
15.6;23;73.6
15.5;23.1;74.2
15.4;23;74.2
15.4;23;73.7
15.2;23;73.3
15.3;23;73.3
15.3;22.9;73.2
15.2;22.7;72.7
15.2;22.7;72.6
15.1;22.7;72.3
15.1;15.9;53.3
15;15.9;53.3
15;15.9;53.2
15;15.2;52.1
14.8;15.2;52.4
14.8;15.2;53.4
14.9;15.2;51.9
14.7;10.1;31.5
14.6;10;29.9
14.6;9.8;29.3
14.5;9.8;28.5
14.4;9.9;28.5
14.3;13;33.8
14.4;12.9;34
14.2;12.9;35.3
14.1;7.3;18.8
14.1;7.3;18.9
13.9;13.6;37.4
14;13.7;37.3
13.8;13.1;37
13.8;13;37.8
13.9;14.5;38.8
13.8;17.6;47
13.7;17.5;47
13.7;17.5;47
13.7;17.6;47.1
13.6;17.5;47.2
13.5;17.6;47.3
13.4;17.8;47.4
13.4;17.8;47.4
13.4;17.8;47.3
13.5;18.8;47.9
13.4;18.8;47.9
13.4;18.6;47.9
13.4;18.5;47.5
13.3;18.4;45.6
13.3;18.3;45.4
13.4;18.3;45.4
13.4;18.2;44.7
13.3;18.2;43.4
13.3;18.1;43
13.3;18.6;43.1
13.2;15.4;37.6
13.2;15.4;37.3
13.2;15.3;35.9
13.2;15.3;35.8
13.3;15.2;35.8
13.2;8.8;17
13.1;9.2;17
13.1;9.1;16.7
13.1;9.1;15.8
13.1;7.5;14.2
13.1;4.4;5.8
13.1;4.4;5.7
13.2;4.4;5.7
13.2;4.2;5.4
13.1;4.2;5.1
13.3;4.8;5.5
13.2;4.5;5.4
13.1;4.5;5.4
13.1;4.5;5.5
13.2;4.4;5.4
13.2;3.3;4.6
13.2;3.3;4.6
13.2;2.8;4.2
13.1;2.8;4.2
13.1;2.8;4.1
13.1;2.8;4.2
13.1;3.6;4.9
13.1;3.6;4.9
13.1;3.5;4.8
13.1;3.9;5.1
13.1;3.3;4.8
13;3.4;4.8
13;3.4;4.8
13;3.4;4.8
12.9;3.7;4.9
13;3.7;4.9
13;3.7;4.9
12.9;3.6;5.1
12.9;3.5;5.1
12.9;3.5;5.1
12.9;3.7;5.2
12.9;3.7;5.1
12.9;3.7;5.2
12.9;3.7;5.2
13;3.7;5.3
12.9;3.7;5.2
12.9;3;4.7
12.8;3;4.6
12.8;3.4;4.8
12.9;3.4;4.7
12.8;3.3;5.3
12.8;3.3;5.3
12.9;3.4;5.3
12.9;3.3;5.4
12.9;3.3;5.4
13;3.3;5.6
12.9;2.9;5.3
12.8;3;5.3
12.9;3;5.4
12.8;2.7;5.2
12.8;2.7;5.2
12.8;2.6;5.2
12.8;2.6;5.1
12.7;2.9;5.2
12.7;2.7;5.1
12.6;2.6;5
12.8;3.5;5.5
12.7;3.1;5
12.6;3.1;5
12.6;3.1;5.1
12.5;3;5
12.6;3;5
12.5;3;4.9
12.5;3;5
12.5;3.3;5.3
12.5;3.4;5.4
12.5;3.3;5.3
12.5;3.4;5.4
12.5;3;5.2
12.5;3.1;5.2
12.5;3;4.6
12.4;3;4.6
12.5;5.1;5.7
12.4;5.1;5.7
12.4;5.1;5.7
12.4;5.1;5.6
12.4;4.7;5.2
12.4;4.6;5.1
12.3;4.6;5.1
12.3;4.5;5
12.3;4.5;5
12.4;4.5;5
12.3;4.5;5
12.3;4.2;4.6
12.3;4.3;4.8
12.3;4.3;4.8
12.3;3.4;4.1
12.2;3.4;4.1
12.1;3.4;4.1
12.2;3.4;4.1
12.1;3.4;4.1
12.2;3.5;4.2
12.1;3.5;4.2
12.1;3.5;4.2
12.1;3.1;3.8
12;3.1;4.2
11.9;3.1;4.3
12;3;4.2
12;3;4.2
12;3;4.1
12;3;4.1
12;3;4.2
12;0.9;3.2
12;0.9;3.2
12.1;7.8;21.1
12.1;7.8;21
11.9;7.7;21
11.9;7.7;21
11.8;8.1;21.2
11.8;8.1;21.2
11.9;8.1;21.2
11.9;8.1;21.1
11.9;8.1;21.2
11.9;8.1;21.1
11.9;7.9;21
12;8;21.1
11.9;8;20.9
11.9;8;20.9
11.9;7.9;20.9
11.9;7.9;20.8
11.9;7.9;20.8
11.9;7.8;20.8
11.8;7.8;20.7
11.7;7.8;20.6
11.8;7.8;20.7
11.8;7.8;20.2
11.7;7.8;20.3
11.6;7.8;20.3
11.5;7.7;20.2
11.4;7.8;20.3
11.4;7.8;20.3
11.2;16.4;32.6
11.2;16.3;32.5
11.1;16.3;32.5
11;16.3;32.5
11;9.4;14.5
11;9.4;14.5
11;9.5;14.5
11;9.5;14.5
10.9;9.5;14.6
10.8;9.5;14.6
10.7;9.6;18.8
10.7;9.6;18.8
10.7;9.6;18.9
10.8;9.6;18.9
10.8;9.6;19
10.7;9.6;18.9
10.7;9.6;18.9
10.7;9.6;18.9
10.7;9.6;18.9
10.7;9.6;18.9
10.7;9.6;18.9
10.7;9.6;18.9
10.7;9.6;18.9
10.7;9.7;19.1
10.6;9.7;19.1
10.6;9.7;19
10.6;21.2;33.7
10.6;21.2;33.8
10.5;21.2;33.9
10.6;21.3;33.9
10.6;12.7;21.6
10.5;12.7;21.6
10.5;12.7;21.6
10.4;12.7;21.7
10.5;12.7;21.7
10.4;12.7;21.7
10.4;12.7;21.7
10.3;12.7;21.7
10.2;12.4;21.5
10.2;12.6;21.6
10.2;12.5;17.4
10.2;12.5;17.6
10.1;12.5;17.5
10.1;12.5;17.5
10.1;12.5;17.4
10.3;12.5;17.3
10.1;12.5;17.4
10.1;12.5;17.3
10.1;12.5;17.3
10.1;12.5;17.5
10;12.5;17.5
10;12.5;17.4
9.9;12.6;17.5
10;14.7;18.4
10.1;14.7;18.5
10;14.7;18.5
10;3.2;3.7
10;3.1;3.6
10.1;3.1;3.6
10.1;3.1;3.5
9.9;3.1;3.5
10;3.1;3.5
10;3.1;3.5
10;3;3.4
10;3.1;3.4
10.1;3.1;3.4
10.1;3.1;3.4
9.9;3.1;3.4
9.9;3;3.4
9.8;2.7;3.2
9.8;2.8;3.2
9.8;2.8;3.1
9.8;2.8;3.1
9.7;2.8;3.1
9.8;2.8;3.1
9.7;2.8;3.2
9.7;2.8;3.2
9.6;2.9;3.3
9.5;3.1;3.5
9.4;3;3.4
9.4;3.1;3.5
9.5;3.1;3.7
9.4;3.1;3.7
9.3;1;2.7
9.2;1.1;2.7
9.2;1.1;2.8
9.2;1.2;2.9
9.2;1.3;3
9.1;1.4;3.1
9;1.6;3.3
9.3;1.8;3.4
9.1;1.9;3.5
9;2.2;3.7
9;2.4;3.8
9;2.6;3.9
9;2.8;4.1
8.9;3.2;4.3
8.8;3.4;4.4
8.7;3.8;4.6
8.7;4;4.8
8.6;4.4;4.9
8.5;4.5;5
8.5;4.8;5.3
8.5;5.1;5.7
8.4;5.5;6.1
8.4;5.8;6.4
8.5;5.9;6.5
8.3;6.1;6.7
8.4;6.4;7
8.4;9.1;9.9
8.4;9.4;10.2
8.3;9.6;10.4
8.1;9.9;10.7
8.1;10.2;11
8;10.3;11.1
7.9;10.8;11.7
7.9;11.1;12
7.9;11.6;12.5
7.8;11.6;12.5
7.8;12.1;13
7.8;12.6;13.6
7.9;13.1;14.1
7.8;13.4;14.4
7.6;13.4;14.4
7.6;13.7;14.7
7.5;13.8;14.8
7.4;14;15
7.3;14.3;15.3
7.3;14.4;15.4
7.3;14.4;15.4
7.3;14.7;15.8
7.3;14.8;15.9
7.2;14.9;16
7.3;15.2;16.3
7.3;15.2;16.3
7.2;15.2;16.3
7.1;15.2;16.3
7.1;15.5;16.6
7;15.6;16.7
7;19.7;21
6.9;17.4;18.6
6.9;17.3;18.5
6.9;17.3;18.5
6.9;17.1;18.3
6.9;17.1;18.3
7.2;17.3;18.5
7.1;22.6;27.7
6.9;24.1;36
6.9;23.8;35.9
6.9;23.8;35.9
6.8;23.4;35.7
6.8;23.1;35.6
6.8;23.3;35.7
6.8;23.7;35.8
6.8;23.6;35.8
6.9;23.7;35.8
6.9;23.8;35.9
6.9;30.6;38.7
6.9;30.6;38.7
7;30.5;38.7
7;30.4;38.6
6.9;30.3;38.6
7;30.3;38.6
7;30;38.4
6.9;30.2;38.5
6.9;30.3;38.5
6.8;30.3;38.5
7;30;38.4
7.1;30.1;38.5
7;25.8;36.3
6.9;25.8;36.3
6.9;26;36.4
6.8;26.1;36.5
6.8;26.3;36.5
6.8;26.5;36.6
6.8;26.2;36.5
6.9;20.6;22.7
6.9;19;20.2
6.9;19;20.2
6.9;18.7;19.9
6.8;19;20.2
6.8;19.8;21
6.8;19.5;20.7
6.8;19.2;20.4
6.7;19.1;20.3
6.6;18.9;20.1
6.6;18.7;19.9
6.6;11.7;12.6
6.5;11.6;12.5
6.4;16.2;17.3
6.5;16.4;17.5
6.6;16.2;17.3
6.4;16.3;17.4
6.5;16.6;17.7
6.4;16.3;17.4
6.4;16.4;17.5
6.4;16.4;17.5
6.3;16.5;17.6
6.4;16.5;17.6
6.4;16.6;17.7
6.4;16.5;17.6
6.4;16.5;17.6
6.3;16.7;17.8
6.3;17.8;19
6.3;17.6;18.8
6.2;17.6;18.8
6.2;17.9;19.1
6.3;18.4;19.6
6.3;18.6;19.8
6.3;18.8;20
6.2;18.6;19.8
6.1;17.8;19
6.1;17.7;18.9
6.1;17.8;19
6.3;18;19.2
6.2;17.9;19.1
6.2;17.7;18.9
6.1;17.6;18.8
6.1;17.6;18.8
6.2;13.3;14.3
6.2;13;13.9
6.1;13.2;14.1
6.1;13;13.9
6.1;12.9;13.8
6.2;12.8;13.7
6;12.6;13.5
6;12.5;13.4
6;12.7;13.6
6;12.6;13.5
6;12.5;13.4
5.9;12.8;13.7
5.8;19;20.2
5.8;18.7;19.9
5.9;17.8;18.9
5.9;17.7;18.8
5.9;18;19.1
5.8;18;19.1
5.8;17.7;18.8
5.6;17.1;18.2
5.7;16.8;17.9
5.7;16.7;17.8
5.7;16.7;17.8
5.8;16.7;17.8
5.8;16.7;17.8
5.7;16.6;17.7
5.6;16.4;17.5
5.5;16.7;17.8
5.4;16.9;18
5.3;16.8;17.9
5.4;17.1;18.2
5.5;16.9;18
5.5;17;18.1
5.4;17.1;18.2
5.4;17;18.1
5.4;16.9;18
5.4;17.3;18.4
5.4;17.2;18.3
5.4;17.6;18.7
5.2;17.6;18.7
5.5;17.5;18.6
5.6;17.4;18.5
5.5;17.1;18.2
5.4;10.9;11.7
5.3;10.9;11.7
5.3;10.8;11.6
5.3;10.6;11.4
5.3;10.5;11.3
5.3;10.7;11.5
5.2;11.1;11.9
5.2;11.1;11.9
5.3;11.2;12
5.3;11;11.8
5.4;11;11.8
5.2;10.9;11.7
5.2;10.7;11.5
5.2;10.7;11.5
5.2;10.6;11.4
5.3;10.7;11.5
5.2;10.7;11.5
5.2;10.6;11.4
5.2;10.8;11.6
5.3;11.5;12.4
5.3;11.4;12.3
5.4;11.7;12.6
5.4;16.6;17.7
5.2;16.3;17.4
5.2;16.4;17.5
5.2;15.9;17
5.2;15.5;16.6
5.1;15.5;16.6
5.1;15.8;16.9
5;16.1;17.2
5;15.9;17
4.9;15.9;17
4.9;15.9;17
5;16.2;17.3
4.9;16.2;17.3
4.9;16;17.1
4.9;15.9;17
5;16.1;17.2
5;15.8;16.9
5;16.5;17.7
5;16.5;17.7
5;16.5;17.7
5;16.5;17.7
4.8;16.8;18
4.8;17.2;18.4
4.8;21.2;22.8
4.8;21.2;22.8
4.8;21.1;22.7
4.8;21;22.6
4.8;20;21.5
4.7;20.1;21.6
4.6;20.3;21.9
4.6;20.2;21.8
4.6;20.5;22.1
4.5;20.5;22.1
4.4;21.2;22.8
4.4;21.7;23.3
4.5;21.8;23.4
4.4;21.8;23.4
4.4;21.4;23
4.5;21.4;23
4.4;21.3;22.9
4.4;21.3;22.9
4.5;21.2;22.8
4.4;21.1;22.7
4.4;21.4;23
4.4;21.2;22.8
4.4;21;22.6
4.4;21;22.6
4.4;20.3;21.8
4.4;20.5;22
4.3;39.2;48.3
4.3;39.3;48.4
4.4;41.2;49.3
4.4;47.4;68.6
4.3;43.3;64.8
4.3;43.3;64.8
4.3;43.2;64.7
4.3;43;64.7
4.2;43;64.7
4.1;42.9;64.6
4.1;42.7;64.5
4;38;62.4
4;42.5;65.8
3.9;42.6;65.8
4;42;65.5
3.8;41.5;65.3
3.8;41.4;65.2
3.8;41.2;65.2
3.8;41.2;65.2
3.8;41.3;65.2
3.8;41.5;65.3
3.7;41.5;65.3
3.6;41.7;65.4
3.6;41.9;66
3.6;42.9;66.4
3.8;42.7;66.4
3.7;43.2;66.6
3.7;43;66.5
3.7;43.4;66.7
3.6;43.6;66.8
3.5;43.4;66.7
3.3;24.8;32.6
3.3;25.1;32.7
3.3;23.4;31.9
3.2;16.7;18
3.1;16.8;18.1
3.1;16.9;18.2
3;17.2;18.6
2.8;17.2;18.6
3.1;17.3;18.7
3;17.1;18.5
2.9;17;18.5
2.9;17.2;18.7
2.8;12.5;13.6
2.8;12.2;13.3
2.9;12.4;13.5
2.8;12.7;13.8
2.7;12.9;14
2.6;13.1;14.2
2.5;13.1;14.2
2.3;13.1;14.2
2.2;13.3;14.5
2.1;13.3;14.5
2;13;14.1
2;12;13
2;11.9;12.9
1.9;11.4;12.4
1.8;11.5;12.5
1.8;11.2;12.2
1.9;10.8;11.8
2;10.9;11.9
1.9;10.8;11.8
1.8;10.5;11.5
1.7;10.2;11.1
1.7;10.1;11
1.6;10;10.9
1.5;9.8;10.7
1.4;9.7;10.6
1.4;9.5;10.4
1.3;9.5;10.4
1.3;9.6;10.5
1.2;9.6;10.4
1.1;9.3;10.1
1.1;9.3;10.1
1;9.4;10.2
0.9;9.3;10.1
0.8;9;9.8
0.8;8.8;9.5
0.7;8.7;9.4
0.7;8.5;9.2
0.6;8.4;9.1
0.5;8.1;8.8
0.5;8.5;9.2
0.5;8.5;9.2
0.4;8.4;9.1
0.3;8.6;9.3
0.3;8.6;9.3
0.3;8.7;9.4
0.3;8.7;9.4
0.3;8.8;9.5
0.3;8.6;9.3
0.2;8.6;9.3
0.3;8.5;9.2
0.2;8.4;9.1
0.2;8.4;9.1
0.2;8.3;9
0;8.2;8.9
0.3;8.3;9
0.2;8.6;9.3
0.1;8.5;9.2
0;8.4;9.1
0;8.5;9.2
0;8.5;9.2
-0.1;8.4;9.1
-0.1;8.4;9.1
-0.2;8.3;9
0.1;8.3;9
0.1;8.7;9.4
0;8.6;9.3
-0.1;8.5;9.2
-0.2;8.5;9.2
-0.1;8.4;9.1
-0.1;7.7;8.4
-0.1;7.6;8.3
-0.2;7.8;8.5
-0.3;8.4;9.1
-0.3;9.2;10
-0.3;9.1;9.8
-0.2;10.3;11.1
-0.1;12.9;14.1
-0.1;12.9;14.1
-0.1;12.7;13.9
0.1;12.6;13.8
0;12.6;13.8
-0.1;12.7;13.9
0;12.8;14
0;12.8;14
-0.1;12.7;13.9
-0.1;12.5;13.6
-0.1;12.5;13.6
-0.1;12.4;13.5
-0.2;12.4;13.5
-0.2;12.3;13.4
-0.2;12.1;13.2
-0.3;12.1;13.2
-0.4;12;13.1
-0.5;12;13.1
-0.5;11.9;13
-0.4;11.5;12.6
-0.5;11.5;12.6
-0.5;11.6;12.7
-0.5;11.5;12.6
-0.5;11.6;12.7
-0.5;11.5;12.6
-0.5;11.5;12.6
-0.5;11.2;12.3
-0.6;10.6;11.7
-0.7;9.8;10.8
-0.8;9.8;10.8
-0.9;8.4;9.4
-0.8;5.6;6.2
-0.9;5.6;6.2
-0.9;5.6;6.2
-0.9;5.7;6.3
-0.9;5.8;6.4
-0.9;5.6;6.2
-0.9;5.5;6.1
-0.9;5.4;6
-0.9;5.4;6
-0.9;5.4;6
-1;5.3;5.9
-1;5.3;5.9
-1;5.4;6
-1;5.4;6
-1.2;5.4;6
-1.2;5.4;6
-1.3;5.4;6
-1.3;5.4;6
-1.4;5.2;5.8
-1.5;5.2;5.8
-1.4;5.2;5.8
-1.5;5.2;5.8
-1.5;5.1;5.7
-1.6;5.2;5.8
-1.7;5.3;5.9
-1.8;5.7;6.3
-1.8;5.5;6.1
-1.7;5.5;6.1
-1.8;5.4;6
-1.7;5.5;6.1
-1.7;5.7;6.3
-1.7;5.7;6.3
-1.7;5.7;6.3
-1.9;5.4;6
-1.9;5.4;6
-1.9;5.4;6
-1.9;5.4;6
-1.9;5.4;6
-1.9;5.3;5.9
-2;5.7;6.3
-2;5.7;6.3
-1.9;5.6;6.2
-1.9;5.7;6.3
-1.9;5.7;6.3
-2;5.7;6.3
-2.2;5.6;6.2
-2.1;5.6;6.2
-2.1;5.6;6.2
-2.1;5.6;6.2
-2.2;5.8;6.4
-2.2;5.8;6.4
-2.2;5.8;6.4
-2.2;5.8;6.4
-2.2;5.8;6.4
-2.4;5.7;6.3
-2.5;5.2;5.8
-2.7;5.3;5.9
-2.8;5.3;5.9
-2.8;5.5;6.1
-2.7;5.5;6.1
-2.6;5.4;6
-2.7;5.3;5.9
-2.7;5.4;6
-2.7;5.6;6.2
-2.8;5.6;6.2
-2.8;5.6;6.2
-2.8;5.7;6.3
-2.9;5.6;6.2
-2.8;5.2;5.8
-2.8;5.2;5.8
-2.8;5.4;6
-2.8;5.3;5.9
-2.8;5.2;5.8
-2.8;5.2;5.8
-2.8;5.2;5.8
-2.9;5.3;5.9
-2.9;5.2;5.8
-2.9;5.1;5.7
-2.8;5.1;5.6
-2.8;5.1;5.6
-2.8;5;5.5
-2.8;5;5.5
-2.8;5;5.5
-2.8;5;5.5
-2.8;4.9;5.4
-2.9;5.2;5.8
-2.9;5.2;5.8
-2.9;5.2;5.8
-2.9;5.2;5.8
-2.9;5.2;5.8
-3;5.2;5.8
-3;5.2;5.8
-3.2;5.3;5.9
-3.2;5.3;5.9
-3.3;5.3;5.9
-3.4;5.2;5.8
-3.5;5.3;5.9
-3.5;5.5;6.1
-3.5;5.6;6.2
-3.5;5.6;6.2
-3.7;5.9;6.5
-3.8;6.5;7.1
-3.8;6.5;7.1
-3.8;6.5;7.1
-3.8;6.5;7.1
-4.1;6.6;7.2
-4;6.6;7.2
-4.1;6.5;7.1
-4.1;6.5;7.1
-4.1;6.5;7.1
-4.1;6.6;7.2
-4.2;6.6;7.2
-4.2;6.5;7.1
-4.2;6.6;7.2
-4.3;6.7;7.4
-4.4;7.1;7.8
-4.4;7;7.7
-4.5;6.6;7.2
-4.6;6.7;7.3
-4.6;6.6;7.2
-4.6;6.8;7.5
-4.8;6.8;7.5
-4.9;6.9;7.6
-4.8;6.8;7.5
-4.9;6.7;7.4
-5.1;6.7;7.3
-5.2;6.4;7
-5.2;6.3;6.9
-5.1;6.2;6.8
-5.1;6.3;6.9
-5.1;6.1;6.7
-5.2;5.6;6.2
-5.2;5.5;6.1
-5.2;5.5;6.1
-5.4;5.4;6
-5.5;5.4;6
-5.4;5.4;6
-5.4;5.4;6
-5.4;5.4;6
-5.4;5.5;6.1
-5.5;6;6.6
-5.4;6.1;6.7
-5.5;6.1;6.7
-5.5;6.1;6.7
-5.6;6;6.6
-5.6;5.6;6.2
-5.7;5.6;6.2
-5.9;5.5;6.1
-5.9;5.5;6.1
-5.9;5.5;6.1
-5.9;5.4;6
-5.9;5.5;6.1
-6.1;6.2;6.8
-6.1;6.3;6.9
-6.1;6.4;7
-6.1;6.5;7.1
-6;6.9;7.5
-6.1;6.8;7.4
-6.1;6.8;7.4
-6.1;6.7;7.3
-6.1;6.5;7.1
-6.2;6.4;7
-6.2;6.5;7.1
-6.3;6.4;7
-6.4;6.5;7.1
-6.5;6.5;7.1
-6.6;6.5;7.1
-6.7;6.6;7.2
-6.7;6.6;7.2
-6.8;6.5;7.1
-6.9;5.9;6.5
-6.9;5.9;6.5
-6.9;5.9;6.5
-6.9;5.8;6.4
-7;6;6.6
-7;5.9;6.5
-7.1;5.9;6.5
-7;6;6.6
-7.1;6;6.6
-7.2;6;6.6
-7.2;6;6.6
-7.2;5.8;6.4
-7.2;5;5.5
-7.2;4.9;5.4
-7.1;4.9;5.4
-7.3;4.7;5.2
-7.3;4.5;5.1
-7.3;4.7;5.2
-7.4;4.7;5.2
-7.3;4.7;5.2
-7.4;4.7;5.2
-7.6;4.7;5.2
-7.5;4.7;5.2
-7.6;4.7;5.2
-7.5;4.7;5.2
-7.3;4.7;5.2
-7.5;4.6;5.1
-7.5;4.6;5.1
-7.6;14.8;15.8
-7.7;14.9;15.9
-7.7;14.9;15.9
-7.8;14.8;15.8
-7.9;14.8;15.8
-8;14.8;15.8
-8;14.9;15.9
-8;14.8;15.8
-8.1;14.8;15.8
-8.2;14.8;15.8
-8.2;14.8;15.8
-8.3;14.8;15.8
-8.3;14.9;15.9
-8.3;14.9;15.9
-8.3;14.9;15.9
-8.5;14.9;16
-8.3;14.9;15.9
-8.5;14.9;15.9
-8.6;15;16.1
-8.7;14.9;15.9
-8.7;14.8;15.8
-8.8;14.8;15.8
-8.9;14.8;15.8
-9;14.9;15.9
-9.1;14.9;15.9
-9.2;14.9;16
-9.2;15;16.1
-9.2;14.9;16
-9.2;15;16.1
-9.2;15;16.1
-9.1;4.8;5.3
-9.3;4.7;5.2
-9.2;4.7;5.2
-9.2;4.7;5.2
-9.2;4.6;5.2
-9.3;4.6;5.2
-9.2;4.6;5.2
-9.2;4.6;5.2
-9.3;4.9;5.4
-9.3;4.9;5.5
-9.5;4.8;5.3
-9.5;4.8;5.3
-9.4;4.7;5.3
-9.5;4.8;5.3
-9.5;4.8;5.3
-9.4;4.7;5.3
-9.4;4.8;5.3
-9.4;4.8;5.3
-9.5;4.7;5.3
-9.6;4.7;5.2
-9.5;4.7;5.2
-9.4;4.7;5.2
-9.6;4.6;5.2
-9.7;4.5;5.2
-9.7;4.5;5.2
-9.7;4.4;5.1
-9.7;4.4;5.1
-9.7;4.4;5.1
-9.7;4.4;5.1
-10.2;4.7;5.2
-10.2;4.6;5.2
-10.2;4.6;5.2
-10.1;4.9;5.4
-10.1;4.9;5.4
-10.2;4.9;5.4
-10.1;4.9;5.4
-10.2;4.9;5.4
-10.2;4.9;5.4
-10.2;4.5;5.2
-10.2;4.5;5.2
-10.2;4.5;5.2
-10.2;4.5;5.2
-10.2;4.5;5.2
-10.3;4.5;5.1
-10.3;4.6;5.2
-10.3;4.5;5.1
-10.3;4.5;5.1
-10.3;4.5;5.1
-10.5;4.5;5.1
-10.5;4.6;5.2
-10.6;4.5;5.1
-10.6;4.5;5.1
-10.6;4.5;5.1
-10.7;5.3;5.9
-10.7;5.3;5.9
-10.7;5.3;5.9
-10.7;5.3;5.9
-10.7;5.3;5.9
-10.9;5.1;5.6
-11;17.3;30.6
-11.1;21.6;36.7
-10.9;21.6;36.7
-11;21.3;36.6
-11.2;21.3;36.6
-11.2;21.3;36.6
-11.3;21.3;36.6
-11.2;21.3;36.6
-11.3;21.3;36.6
-11.4;21.2;36.5
-11.6;21.2;36.6
-11.6;21.3;36.6
-11.6;21.6;36.7
-11.6;21.6;36.7
-11.6;21.6;36.7
-11.7;21.6;36.7
-11.7;21.5;36.7
-11.8;21.5;36.7
-11.9;21.5;36.7
-11.9;21.5;36.7
-11.9;21.4;36.8
-12;21.4;36.8
-12.1;21.4;36.8
-12.1;21.8;37
-12.1;21.7;37
-12.1;20.8;36.6
-12.1;20.8;36.6
-12.3;20.8;36.6
-12.3;20.9;36.7
-12.4;21.3;36.9
-12.3;21.2;36.8
-12.3;9;11.6
-12.4;4.7;5.5
-12.5;4.6;5.4
-12.6;4.7;5.5
-12.7;4.7;5.5
-12.6;4.7;5.5
-12.9;4.6;5.4
-13;4.6;5.4
-13;4.6;5.4
-13.1;4.5;5.4
-13.1;4.5;5.4
-13.2;4;5.2
-13.3;3.9;5.2
-13.4;3.9;5.2
-13.4;3.9;5.1
-13.5;3.8;5.1
-13.6;3.8;5.1
-13.6;3.9;5.1
-13.6;3.8;5.1
-13.8;3.8;4.9
-13.8;3.8;4.9
-13.9;3.7;4.9
-14;3.2;4.7
-13.9;3.2;4.7
-13.9;3.2;4.7
-13.9;3.2;4.7
-13.8;3.2;4.7
-13.9;3.1;4.5
-13.9;2.5;4.2
-13.7;2.5;4.2
-13.8;2.4;4.2
-13.9;2.3;4.1
-13.9;2.3;4.1
-13.9;2.3;4.1
-13.9;2.2;4.1
-13.9;2.2;4.1
-13.9;2.2;4.1
-13.9;2.2;4.1
-13.9;2.2;4.1
-14;2.2;4.1
-14;2.2;5.1
-14;2.2;5.1
-14.1;2.1;5.1
-14.1;2;5.1
-14.1;2.1;5.1
-14.2;2.1;5.1
-14.2;2;5
-14.2;1.9;5
-14.2;2;5
-14.2;2;5
-14.2;1.9;5
-14.3;2;5.1
-14.3;2;5.1
-14.5;1.9;5.1
-14.5;1.9;5
-14.4;1.9;5
-14.4;1.8;5
-14.2;1.8;5
-14.4;1.9;5
-14.4;1.9;5
-14.4;1.9;5
-14.4;1.9;5
-14.4;1.9;5
-14.4;1.9;5
-14.5;2;5
-14.6;1.9;5
-14.7;1.9;5
-14.7;1.9;5
-14.8;1.9;5
-14.8;1.9;5
-14.8;1.9;5
-14.8;1.9;5
-14.8;1.9;5
-14.8;1.9;5
-15;1.9;4
-15;2.4;4.2
-15;2.6;4.2
-15;2.6;4.3
-15;2.5;4.3
-14.9;2.5;4.2
-15;2.5;4.2
-15;2.5;4.2
-15;2.5;4.1
-15;2.5;4.2
-15;2.5;4.2
-15.1;2.5;4.2
-15.2;2.4;4.1
-15.2;2.5;4.1
-15.1;2.5;4.2
-15.1;2.5;4.1
-15.1;2.4;4.1
-15.1;2.5;4.1
-15.1;2.4;4.1
-15.2;2.4;4.1
-15.2;2.6;4.1
-15.1;2.6;4.1
-15;2.6;4.1
-15;2.5;4.1
-14.8;2.5;4.1
-15;2.5;4.1
-15.1;2.5;4.1
-15.2;2.5;4.1
-15.1;2.5;4.1
-15.2;2.5;4
-15.2;2.1;3.9
-15.3;1.9;3.8
-15.4;1.9;3.8
-15.3;1.9;3.8
-15.3;1.8;3.7
-15.3;1.8;3.8
-15.3;1.9;3.8
-15.2;1.9;3.8
-15.3;1.9;3.8
-15.4;1.8;3.8
-15.5;1.8;3.8
-15.5;1.8;3.8
-15.7;1.9;3.9
-15.7;1.8;3.9
-15.6;1.8;3.8
-15.6;1.8;3.9
-15.6;1.8;3.9
-15.5;1.8;3.8
-15.6;1.8;3.9
-15.7;2.1;4
-15.8;1.9;3.9
-15.8;1.9;3.9
-15.8;1.9;3.9
-15.8;2;3.9
-15.8;2;3.9
-15.8;2;4
-15.8;1.9;3.9
-15.8;1.9;4
-15.7;1.9;3.9
-15.8;1.9;3.9
-15.8;1.9;3.9
-15.9;1.9;3.9
-15.9;1.9;3.9
-15.9;1.9;3.9
-15.9;1.9;3.9
-16;1.9;3.9
-16.1;1.9;3.9
-16;1.9;3.9
-16.1;1.9;3.9
-16.1;1.9;3.8
-16.2;1.9;3.8
-16.2;1.9;3.8
-16.3;1.9;3.8
-16.4;1.9;3.8
-16.4;1.9;3.8
-16.4;1.8;3.8
-16.4;1.9;3.8
-16.4;1.8;3.8
-16.5;1.8;3.8
-16.5;1.6;3.7
-16.6;1.6;3.6
-16.4;1.6;3.6
-16.5;1.6;3.6
-16.5;1.6;3.6
-16.5;1.6;3.6
-16.6;1.6;3.6
-16.6;1.6;3.6
-16.7;1.7;3.7
-16.7;1.7;3.7
-16.7;1.7;3.7
-16.8;1.7;3.7
-16.9;1.9;3.8
-16.8;1.9;3.8
-16.8;1.9;3.8
-16.9;1.8;3.8
-16.9;1.8;3.7
-17;1.8;3.8
-16.9;1.8;3.7
-16.9;1.8;3.7
-17.1;1.8;3.7
-17.1;1.8;5.2
-17;2.2;5.4
-17;2.3;5.4
-17;2.2;5.4
-17.1;2.2;5.4
-17.1;2.2;5.3
-17.3;2.2;5.3
-17.3;2.2;5.3
-17.4;2.2;5.3
-17.4;2.2;5.2
-17.5;2.1;5.2
-17.6;2.2;5.3
-17.7;2.1;5.2
-17.7;2.1;5.2
-17.9;2.1;5.2
-17.9;2.1;5.2
-18.1;2.1;5.1
-18.1;2.1;5.1
-18.2;2;5.1
-18.2;2;5
-18.2;2;5
-18.4;1.8;4.9
-18.4;1.8;4.9
-18.6;1.8;4.9
-18.7;1.8;4.8
-18.7;1.8;4.8
-18.9;1.8;4.8
-18.8;1.8;4.8
-18.9;1.8;4.8
-19;1.8;4.8
-19;1.8;3.3
-19.1;1.3;4.3
-19.2;1.3;4.3
-19.2;1.3;4.3
-19.3;1.3;4.3
-19.3;1.3;4.4
-19.3;1.4;4.4
-19.3;1.3;4.4
-19.4;1.3;4.4
-19.2;1.3;4.4
-19.2;1.3;4.4
-19.3;1.3;4.3
-19;1.3;4.3
-19.2;1.2;4.3
-19.2;1.2;4.3
-19.2;1.2;4.2
-19.2;1.2;4.3
-19.2;1.2;4.2
-19.2;1.2;4.3
-19.1;1.2;4.3
-19;1.2;4.2
-19;1.2;4.2
-19.1;1.2;4.3
-19.1;1.2;4.3
-19.2;1.2;4.3
-19.3;1.2;4.4
-19.4;1.2;4.3
-19.4;1.1;4.3
-19.4;1.2;4.3
-19.4;1.1;4.3
-19.4;1.1;4.3
-19.3;1.1;3
-19.3;1.3;3.1
-19.3;1.4;3.2
-19.3;1.4;3.2
-19.4;1.4;3.2
-19.4;1.4;3.1
-19.5;1.4;3.1
-19.5;1.4;3.1
-19.6;1.4;3.2
-19.7;1.4;3.2
-19.8;1.4;3.2
-19.8;1.4;3.2
-19.8;1.4;3.2
-19.7;1.4;3.3
-19.7;1.4;3.2
-19.9;1.4;3.2
-20;1.4;3.2
-20;1.4;3.2
-20.1;1.5;3.2
-20.1;1.5;3.3
-20.1;1.5;3.2
-20.1;1.5;3.3
-20.1;1.4;3.2
-20.1;1.4;3.4
-20.3;1.4;3.4
-20.3;1.4;3.3
-20.3;1.4;3.4
-20.3;1.4;3.4
-20.3;1.4;3.3
-20.3;1.4;3.3
-20.3;1.4;3.3
-20.4;1.4;3.3
-20.4;1.4;3.3
-20.5;1.3;3.2
-20.6;1.2;3.2
-20.7;1.2;3.2
-20.7;1.3;3.2
-20.7;1.2;3.2
-20.8;1.2;3.2
-20.9;1.2;3.1
-20.9;1.2;3.1
-20.9;1.2;3.1
-20.8;1.2;3
-20.9;1.1;3
-21;1.2;3
-21;1.2;3
-21.1;1.2;3
-21.1;1.1;2.9
-21.1;1.1;2.9
-21.1;1.1;2.9
-21.1;1.1;3
-21.2;1.1;2.9
-21.3;1.1;3
-21.3;1.1;2.7
-21.6;1.1;2.7
-21.2;1.1;2.7
-21.4;1.1;2.6
-21.4;1.1;2.6
-21.4;1.1;2.7
-21.5;1.1;2.7
-21.5;1.1;2.7
-21.4;1;2.7
-21.5;0.9;2.5
-21.6;0.9;2.6
-21.7;0.9;2.6
-21.8;0.9;2.5
-22;0.9;2.5
-22;0.8;2.5
-22;1.1;2.6
-22.1;1.1;2.6
-22.2;1.1;2.6
-22.2;1.1;2.7
-22.2;1.1;2.7
-22.4;1.2;2.8
-22.4;1.2;3.4
-22.5;1.2;3.4
-22.4;1.2;3.4
-22.4;1.2;3.4
-22.4;1.3;3.4
-22.4;1.2;3.3
-22.4;1.2;3.3
-22.5;1.2;3.3
-22.3;1.2;3.3
-22.4;1.2;3.2
-22.5;1.2;3.5
-22.5;1.2;3.5
-22.5;1.2;3.5
-22.7;1.2;3.4
-22.7;1.2;3.4
-22.8;1.2;3.4
-22.8;1.3;3.5
-22.9;1.4;3.5
-23;1.4;3.6
-23;1.4;3.5
-23.1;1.4;3.5
-23.2;1.4;3.6
-23.3;1.5;3.6
-23.4;1.5;3.6
-23.3;1.5;3.7
-23.4;1.6;3.7
-23.5;1.6;3.6
-23.5;1.6;3.6
-23.6;1.5;3.6
-23.6;1.6;3.6
-23.7;1.5;3.5
-23.8;18.6;20.1
-23.9;18.6;20.1
-24;18.6;20.1
-24;18.6;20.1
-24.1;18.5;20
-24.1;18.5;20
-24.1;18.5;20
-24.2;18.5;20
-24.3;18.5;20
-24.4;18.5;20
-24.4;18.5;20
-24.5;18.5;20
-24.6;18.5;20
-24.6;18.5;20
-24.6;18.4;19.9
-24.7;18.4;19.9
-24.7;18.3;19.7
-24.6;18.1;19.5
-24.6;18.9;20.4
-24.6;18.9;20.4
-24.4;18.8;20.3
-24.6;18.8;20.3
-24.8;18.8;20.3
-24.8;18.7;20.1
-24.9;18.4;19.8
-24.9;18.4;19.8
-24.9;19;20.5
-24.9;30.9;46
-24.9;30.9;45.9
-24.9;30.9;45.9
-24.9;13.8;35.1
-25;13.8;34.6
-24.9;13.8;34.6
-24.9;13.8;34.6
-24.9;13.8;34.6
-25;13.8;34.6
-24.9;13.8;34.6
-24.8;13.8;34.6
-24.8;16.4;39
-24.8;16.4;39
-24.6;16.4;39.1
-24.9;16.4;39.1
-25;16.4;39.1
-24.9;16.5;39.1
-25;16.5;39.1
-25.1;16.5;39.2
-25;16.5;39.2
-24.9;16.5;39.2
-24.9;15.7;38.8
-25;15.7;38.8
-25;15.7;38.9
-24.9;15.7;38.9
-25;15.7;38.8
-25.1;15.7;38.8
-25.2;15.7;38.8
-25.2;15.7;38.8
-25.2;15;38.4
-25.3;8.5;45.2
-25.3;8.7;45.4
-25.2;8.7;45.4
-25.3;8.8;45.5
-25.4;18.9;64.4
-25.5;18.9;64.4
-25.6;18.9;64.4
-25.7;18.9;64.4
-25.7;18.9;64.5
-25.9;18.9;64.5
-26;24.9;91.8
-26;23.5;88.2
-26.2;23.5;88.2
-26.2;23.5;88.1
-26.4;23.5;89.3
-26.4;23.5;89.3
-26.5;23.5;89.3
-26.5;23.5;89.2
-26.6;23.5;89.1
-26.7;23.5;89.1
-26.7;23.5;89.2
-26.7;23.5;89.2
-26.7;25.4;92.6
-26.8;25.4;92.6
-26.8;25.5;92.6
-26.8;34;108.4
-26.8;34;108.4
-26.9;34;108.4
-26.8;34;108.5
-26.8;34;108.5
-26.8;34;108.5
-26.7;28.6;69.3
-26.8;28.4;69.2
-27;28.4;69.2
-27;28.3;69.1
-27;18.2;50.2
-27.1;18.2;50.2
-27.2;20.8;51.9
-27.2;28.4;80
-27.4;29.7;89.8
-27.4;29.7;89.7
-27.4;23.7;62.3
-27.6;22.4;61.5
-27.6;22.4;61.6
-27.6;22.4;61.6
-27.6;22.4;60.5
-27.7;22.4;60.5
-27.7;22.4;60.5
-27.9;29.3;92.3
-27.9;31.4;105.6
-27.9;31.4;105.5
-28;31.4;105.4
-28.1;29.5;102
-28;29.5;102
-28;29.3;101.9
-28;20.9;86
-28.1;20.9;86
-28.1;20.9;86
-28.1;20.8;86
-28;20.8;85.9
-28;20.8;85.9
-28.1;34.9;116.9
-28.2;35.9;125.8
-28.3;35.9;125.7
-28.4;43.2;143.3
-28.4;45.4;154.2
-28.5;45.4;154.3
-28.7;42.8;152.5
-28.7;45.2;145.5
-28.7;46.3;148.6
-28.9;46.3;148.6
-28.9;59.3;183
-28.9;61.5;187.4
-29.1;61.4;187.3
-29.1;61.4;187.3
-29.2;61.4;187.3
-29.2;61.4;187.3
-29.3;61.4;187.3
-29.3;54.5;155.5
-29.4;52.5;142.3
-29.4;52.5;142.3
-29.4;52.5;142.3
-29.3;52.5;142.3
-29.3;52.5;142.3
-29.2;52.5;142.3
-29.2;52.5;142.3
-29.3;52.5;142.3
-29.3;52.5;142.3
-29.2;52.5;142.3
-29.3;52.5;142.3
-29.3;52.5;142.3
-29.3;38.4;111.2
-29.3;37.4;102.3
-29.4;37.4;102.3
-29.4;30.1;84.8
-29.1;27.9;73.8
-29.1;27.9;73.8
-29.1;27.8;73.7
-29.2;30.5;75
-29.1;20.4;54.1
-29.1;18;41.1
-29;18;41.1
-29;5.1;6.7
-28.9;2.9;3.1
-28.9;2.9;3.1
-28.9;2.9;3.1
-28.9;2.9;3.1
-29;2.9;3.1
-28.8;2.9;3.1
-28.9;2.9;3.1
-29;2.9;3.1
-28.8;2.9;3.1
-28.9;2.9;3.1
-29;2.9;3.1
-29;3;3.2
-29;3;3.2
-29;3;3.2
-29;3;3.2
-29.1;3;3.2
-29.2;3;3.2
-29.2;3;3.2
-29.1;3;3.2
-29.3;2.9;3.1
-29.3;2.9;3.1
-29.3;2.9;3.1
-29.3;3;3.2
-29.3;3;3.2
-29.3;2.9;3.1
-29.4;0.3;0.9
-29.4;0.3;0.9
-29.4;0.3;0.9
-29;0.3;0.9
-29.3;0.3;0.8
-29.4;0.3;0.9
-29.3;0.3;0.9
-29.5;0.3;0.9
-29.6;0.3;0.9
-29.6;0.3;0.9
-29.5;0.2;0.7
-29.7;0.2;0.7
-29.7;0.2;0.7
-29.7;0.4;0.9
-29.7;0.4;0.9
-29.8;0.4;0.9
-29.9;0.4;0.7
-29.9;0.4;0.7
-29.9;0.4;0.7
-30;0.4;0.7
-29.9;0.4;0.7
-29.9;0.4;0.7
-30;0.3;0.7
-30;0.3;0.7
-30;0.3;0.7
-30;0.4;0.8
-30.2;2.6;2.8
-30.1;2.5;2.7
-30.1;2.5;2.7
-30.1;2.6;2.8
-30;2.6;2.8
-30.2;2.6;2.8
-30.2;9.5;29.2
-30.3;12;35.8
-30.5;12;35.8
-30.4;12;35.8
-30.4;12;35.8
-30.6;12;35.8
-30.6;12;35.7
-30.6;12;35.7
-30.7;12;35.7
-30.7;12;35.7
-30.7;12;35.7
-30.6;15.4;59.8
-30.7;15.4;59.7
-30.8;15.4;59.8
-30.8;18.1;76.8
-30.8;18.1;76.8
-30.9;18.1;76.8
-30.9;18.1;76.8
-30.9;18.1;76.8
-31;18.1;76.8
-31;18.1;76.9
-31;18.1;76.9
-31;18.1;76.9
-31.2;18.1;76.8
-31.3;18.1;77.2
-31.2;16;76.2
-31.4;16;76.2
-31.5;16;76.2
-31.5;15.9;76.2
-31.5;15.9;76.2
-31.5;16;76.2
-31.5;9;48.8
-31.5;6.5;42.2
-31.7;6.5;42.2
-31.6;6.5;42.1
-31.7;6.5;42.1
-31.8;6.5;42.1
-31.8;6.5;42.1
-31.8;6.5;42.1
-31.9;6.5;42.1
-32;6.5;42.1
-32;6.5;42
-32.1;2.9;17.8
-32.2;2.9;17.8
-32.1;2.8;17.8
-32.2;0.1;0.8
-32.2;0.1;0.7
-32.3;0.1;0.7
-32.3;0.1;0.7
-32.3;0.1;0.7
-32.5;0.1;0.7
-32.6;0.1;0.6
-32.6;0.1;0.7
-32.6;0.1;0.7
-32.7;0.1;0.3
-32.7;0.1;0.3
-32.6;0.1;0.3
-32.8;0;0.3
-32.9;0.1;0.4
-32.7;0.1;0.4
-32.9;0;0.4
-33;0.1;0.4
-32.9;0.1;0.4
-33;0.1;0.4
-33.1;0.1;0.4
-33.2;0;0.4
-33.3;0;0.4
-33.3;0.1;0.4
-33.3;0.1;0.4
-33.5;0.1;0.4
-33.4;0.1;0.4
-33.3;0.1;0.4
-33.5;0.1;0.4
-33.5;0.1;0.4
-33.5;0.1;0.5
-33.6;0.1;0.6
-33.7;0.1;1.2
-33.7;0.1;1.3
-33.7;0.1;1.5
-33.9;0.2;1.8
-34;0.2;1.8
-34;7.1;16.2
-34.1;7.1;16.1
-34.4;7.1;16.3
-34.5;7.1;16.2
-34.6;8.6;17.8
-34.6;8.6;17.8
-34.7;14.3;31.7
-34.6;14.3;31.7
-34.7;14.3;31.6
-34.7;14.4;33.4
-34.9;18.7;42.3
-34.9;18.8;42.4
-34.8;18.8;42.5
-34.9;19.2;43.8
-35;19.2;43.8
-35.1;19.2;43.9
-35.2;19.2;43.9
-35.2;19.2;43.9
-35.2;19.2;43.9
-35.2;19.2;43.9
-35.2;19.2;43.9
-35.4;19.2;43.9
-35.5;19.2;43.9
-35.7;19.2;43.9
-35.7;21.2;74.6
-35.8;21.6;74.9
-35.8;21.6;74.2
-35.8;21.6;74.3
-35.9;21.6;74.1
-36;21.6;73.8
-36.1;30.5;97.8
-36.1;23.6;83.5
-36.3;23.6;83.5
-36.3;23.6;83.4
-36.4;28.9;101.8
-36.5;27.4;100.1
-36.6;27.4;100.2
-36.6;21.8;86.4
-36.6;21.8;86.3
-36.8;21.8;86.8
-36.8;21.6;85
-36.9;20.7;105.9
-36.9;20.7;105.7
-37;20.7;105.8
-37;20.3;104.4
-37;20.3;104.4
-37.1;20.3;104.4
-37.1;20.3;104.4
-37.3;23.9;146.6
-37.3;23.9;146.6
-37.4;23.8;146.6
-37.5;23.8;146.6
-37.6;39.5;197.5
-37.6;39.5;197.5
-37.7;37.5;166.6
-37.8;37.1;166.5
-37.7;40.1;190.1
-37.9;40.1;190
-37.9;40.9;196
-38;40.9;196.7
-38;32.1;172.8
-38;32;172.7
-38.1;32;172.7
-38.1;33.8;180.6
-38.2;28.4;162.2
-38.2;28.4;162.3
-38.2;28.4;162.2
-38.3;28.4;162.1
-38.3;28.4;162.1
-38.5;28.4;161.7
-38.5;28.4;161.7
-38.5;25;131.9
-38.7;25;132
-38.7;25;131.9
-38.7;25;131.9
-38.7;25;131.8
-38.7;25;131.8
-38.7;25;131.8
-38.7;21.6;89.8
-38.8;21.6;89.8
-38.7;21.6;89.8
-38.7;21.6;89.8
-38.8;6;38.9
-38.8;6;38.9
-38.8;6.1;39.1
-38.9;6.1;38.9
-38.9;3.1;15.3
-38.9;3.1;15.3
-38.9;2.3;9.2
-39;2.2;8.6
-39;2.1;8.4
-39;2.1;8.4
-39;2.1;8.4
-39;2.1;8.4
-39;0.4;0.5
-38.9;0.4;0.5
-38.8;0.4;0.5
-38.9;0.4;0.5
-39;0.4;0.5
-38.9;0.4;0.5
-39;0.4;0.4
-39;0.4;0.4
-38.8;0.4;0.8
-38.9;0.4;0.7
-38.9;0.4;0.7
-38.8;0.4;0.7
-38.9;0.4;0.8
-38.9;0.4;0.8
-39;0.4;0.8
-39;0.1;0.6
-39.1;0.1;0.6
-39.2;0.1;0.6
-39.2;0.1;0.6
-39.1;0.1;0.6
-39.2;0.1;0.6
-39.4;0;0.6
-39.5;0;0.6
-39.4;0;0.6
-39.6;0;0.6
-39.6;0;0.6
-39.5;0;0.6
-39.7;0;0.7
-39.8;0;0.8
-39.8;0;0.8
-39.8;0.4;1
-39.8;0.4;1
-39.8;0.4;0.9
-39.9;0.4;0.9
-40;0.4;0.9
-40;0.4;1
-40;0.4;1
-40;0.4;1
-40;0.4;0.8
-40;0.4;0.8
-40;0.4;0.8
-40;0.4;0.8
-40;0.4;0.8
-40;0.4;0.8
-40;1;1.2
-40;1.5;1.6
-40;1.5;1.6
-40;1.5;1.6
-40;1.5;1.6
-40;1.5;1.6
-40;1.5;1.6
-40;1.5;1.6
-40;7.8;39.8
-40;7.8;39.8
-40;7.8;39.8
-40;10;53.3
-40;10;53.3
-40;10;53.2
-40;10;53.2
-40;10.7;53.6
-40;10.3;53.3
-40;10.3;53.3
-40;10.3;53.3
-40;10.3;53.3
-40;10.3;53.3
-40;10.3;53.3
-40;10.3;53.3
-40;10.3;53.3
-40;10.4;60.5
-40;10.4;60.5
-40;10.4;60.5
-40;10.4;60.5
-40;10.4;60.5
-40;10.4;60.5
-40;10.4;60.5
-40;9.8;60
-40;9.3;59.7
-40;9.3;59.7
-40;10.4;60.2
-40;11.6;60.9
-40;11.6;60.9
-40;11.6;60.9
-40;11.6;61.1
-40;5.3;22.7
